%YAML:1.0
---
cameraMatrix: !!opencv-matrix
   rows: 3
   cols: 3
   dt: d
   data: [ 9.9733703933675974e+02, 0., 9.6314589023777285e+02, 0.,
       9.9853807719480449e+02, 5.2531654412643854e+02, 0., 0., 1. ]
distortionCoefficients: !!opencv-matrix
   rows: 1
   cols: 5
   dt: d
   data: [ -2.7247279409402705e-02, 2.3776120609188340e-02,
       -1.8371468076172021e-03, 3.9172718133694264e-03,
       -2.2903990950601017e-02 ]
rotation: !!opencv-matrix
   rows: 3
   cols: 3
   dt: d
   data: [ 1., 0., 0., 0., 1., 0., 0., 0., 1. ]
projection: !!opencv-matrix
   rows: 4
   cols: 4
   dt: d
   data: [ 9.9733703933675974e+02, 0., 9.6314589023777285e+02, 0., 0.,
       9.9853807719480449e+02, 5.2531654412643854e+02, 0., 0., 0., 1.,
       0., 0., 0., 0., 1. ]
