%YAML:1.0
---
rotation: !!opencv-matrix
   rows: 3
   cols: 3
   dt: d
   data: [ 9.9987189380170960e-01, -1.5469136481530163e-02,
       4.1111801101991188e-03, 1.5523864856525840e-02,
       9.9978657436439877e-01, -1.3631410074414175e-02,
       -3.8994365360941834e-03, 1.3693485210723779e-02,
       9.9989863629144160e-01 ]
translation: !!opencv-matrix
   rows: 3
   cols: 1
   dt: d
   data: [ -5.2717368083004923e-02, -3.5148695780293122e-03,
       8.2471164958792913e-05 ]
essential: !!opencv-matrix
   rows: 3
   cols: 3
   dt: d
   data: [ 1.2425739632792896e-05, -1.3058437808236012e-04,
       -3.5133890995449162e-03, -1.2310743129821333e-04,
       7.2060874248637129e-04, 5.2712363508883635e-02,
       2.6960420037378872e-03, -5.2760488842431896e-02,
       7.3306232428241162e-04 ]
fundamental: !!opencv-matrix
   rows: 3
   cols: 3
   dt: d
   data: [ 7.9372273472436959e-09, -8.4094036150965885e-08,
       -7.5389550082073317e-04, -7.8543121687609904e-08,
       4.6350115077424331e-07, 1.1441279717157868e-02,
       1.7511881698980387e-03, -3.4048835241079774e-02, 1. ]
