%YAML:1.0
---
cameraMatrix: !!opencv-matrix
   rows: 3
   cols: 3
   dt: d
   data: [ 3.4227150765594939e+02, 0., 2.5805984310663877e+02, 0.,
       3.3950278910553692e+02, 1.9381179348797480e+02, 0., 0., 1. ]
distortionCoefficients: !!opencv-matrix
   rows: 1
   cols: 5
   dt: d
   data: [ -1.5597098499429057e-02, 2.7592402513062695e-02,
       5.8446917440575152e-03, 3.3273435380281142e-03,
       -1.8334903683197770e-01 ]
rotation: !!opencv-matrix
   rows: 3
   cols: 3
   dt: d
   data: [ 1., 0., 0., 0., 1., 0., 0., 0., 1. ]
projection: !!opencv-matrix
   rows: 4
   cols: 4
   dt: d
   data: [ 3.4227150765594939e+02, 0., 2.5805984310663877e+02, 0., 0.,
       3.3950278910553692e+02, 1.9381179348797480e+02, 0., 0., 0., 1.,
       0., 0., 0., 0., 1. ]
