%YAML:1.0
---
depthShift: -5.9144329546011036e+01
